0 0
1 0
2 0
3 0
4 0
5 0
6 0
7 2
8 6
9 3
10 59
11 9
12 0
13 37
14 25
15 5
16 27
17 0
18 6
19 2
20 0
21 9
22 2
23 0
24 8
25 0
26 6
27 2
28 0
29 2
30 0
31 2
32 2
33 0
34 4
35 1
36 0
37 1
38 3
39 0
40 5
41 2
42 7
43 6
44 0
45 5
46 3
47 2
48 9
49 0
50 4
51 4
52 0
53 5
54 1
55 5
56 9
57 2
58 9
59 0
60 0
61 5
62 6
63 4
64 12
65 0
66 21
67 2
68 0
69 21
70 5
71 1
72 22
73 2
74 32
75 11
76 0
77 35
78 17
79 34
80 65
81 4
82 100
83 13
84 0
85 57
86 43
87 51
88 156
89 8
90 247
91 29
92 0
93 118
94 67
95 92
96 191
97 4
98 263
99 24
100 0
101 128
102 104
103 119
104 183
105 19
106 298
107 27
108 0
109 97
110 49
111 93
112 131
113 3
114 101
115 1
116 0
117 38
118 11
119 19
120 37
121 1
122 19
123 3
124 0
125 3
126 6
127 5
128 10
129 1
130 8
131 0
132 0
133 5
134 0
135 2
136 9
137 2
138 3
139 0
140 0
141 0
142 1
143 1
144 0
145 0
146 0
147 0
148 0
149 0
150 0
151 0
152 0
153 0
154 0
155 0
156 0
157 0
158 0
159 0
160 0
161 0
162 0
163 0
164 0
165 0
166 0
167 0
168 0
169 0
170 0
171 0
172 0
173 0
174 0
175 0
176 0
177 0
178 0
179 0
180 0
181 0
182 0
183 0
184 0
185 0
186 0
187 0
188 0
189 0
190 0
191 0
192 0
193 0
194 0
195 0
196 0
197 0
198 0
199 0
200 0
201 0
202 0
203 0
204 0
205 0
206 0
207 0
208 0
209 0
210 0
211 0
212 0
213 0
214 0
215 0
216 0
217 0
218 0
219 0
220 0
221 0
222 0
223 0
224 0
225 0
226 0
227 0
228 0
229 0
230 0
231 0
232 0
233 0
234 0
235 0
236 0
237 0
238 0
239 0
240 0
241 0
242 0
243 0
244 0
245 0
246 0
247 0
248 0
249 0
250 0
251 0
252 0
253 0
254 0
255 0
