0 2
1 6
2 0
3 3
4 0
5 59
6 0
7 9
8 0
9 0
10 0
11 37
12 0
13 25
14 0
15 5
16 27
17 0
18 0
19 0
20 6
21 0
22 2
23 0
24 0
25 0
26 9
27 0
28 2
29 0
30 0
31 8
32 0
33 0
34 0
35 6
36 0
37 2
38 0
39 0
40 0
41 2
42 0
43 0
44 0
45 2
46 2
47 0
48 0
49 0
50 4
51 0
52 1
53 0
54 0
55 0
56 1
57 0
58 3
59 0
60 0
61 5
62 0
63 2
64 0
65 7
66 0
67 6
68 0
69 0
70 0
71 5
72 0
73 3
74 0
75 2
76 9
77 0
78 0
79 0
80 4
81 0
82 4
83 0
84 0
85 0
86 5
87 0
88 1
89 0
90 5
91 9
92 0
93 2
94 0
95 9
96 0
97 0
98 0
99 0
100 0
101 5
102 0
103 6
104 0
105 4
106 12
107 0
108 0
109 0
110 21
111 0
112 2
113 0
114 0
115 0
116 21
117 0
118 5
119 0
120 1
121 22
122 0
123 2
124 0
125 32
126 0
127 11
128 0
129 0
130 0
131 35
132 0
133 17
134 0
135 34
136 65
137 0
138 4
139 0
140 100
141 0
142 13
143 0
144 0
145 0
146 57
147 0
148 43
149 0
150 51
151 156
152 0
153 8
154 0
155 247
156 0
157 29
158 0
159 0
160 0
161 118
162 0
163 67
164 0
165 92
166 191
167 0
168 4
169 0
170 263
171 0
172 24
173 0
174 0
175 0
176 128
177 0
178 104
179 0
180 119
181 183
182 0
183 19
184 0
185 298
186 0
187 27
188 0
189 0
190 0
191 97
192 0
193 49
194 0
195 93
196 131
197 0
198 3
199 0
200 101
201 0
202 1
203 0
204 0
205 0
206 38
207 0
208 11
209 0
210 19
211 37
212 0
213 1
214 0
215 19
216 0
217 3
218 0
219 0
220 0
221 3
222 0
223 6
224 0
225 5
226 10
227 0
228 1
229 0
230 8
231 0
232 0
233 0
234 0
235 0
236 5
237 0
238 0
239 0
240 2
241 9
242 0
243 2
244 0
245 3
246 0
247 0
248 0
249 0
250 0
251 0
252 0
253 1
254 0
255 1
